
79629596677
79055554424
79520373740
79022527872
79104882458
79011793485
79119117871
79652440417
79161434254
79061312520
79874915019
79155056965
79140604228
79042413958
79117986795
79165400903
79992043910
79802283481
79814305529
79684343665
79175060646
79161521792
79652972211
79255002106
79379396924
79274504214
79236522662
79082187013
79135394919
79017078615
79153307070
79198999126
79295556065
79588334078
74843829898
79268553554
79832290717
79263166472
79833224229
79665022810
79991135157
79525439652
79122327731
79534180070
79653803281
79259222396
79822738699
79774963472
79107246660
79999621668
79859105462
79263599210
79139344950
79513869399
79525000040
78655656652
79117675399
79859756640
79266084477
79684514357
74822361692
79051295930
79147276022
79250067705
79167715479
79169284373
79242707295
79263514041
79084543727
79996494471
79206618666
79629011569
79258747034
79936610912
79206116160
79175987626
79175197852
79028236622
79660990941
79129505438
79168873228
79373046136
79851757711
79779015330
79245398009
79160594378
79638163245
79255691619
79095317170
79168374448
79016404714
79030169188
79166945985
79510374084
79325417450
79220998136
79673538684
79233278282
79160738799
79224796577
79263292374
79678269475
77075155405
79659875864
79232625808
79267127365
79831693354
79950586480
79165352595
79297414501
79181172220
79250311604
79201788946
79636656549
79951283655
79187788434
79267956299
79772680915
79663375028
79269701727
79880170004
79835820597
79146273089
79857218676
79055193388
79182237434
79269346436
79998669137
79819550188
79874142871
79381253017
79255701998
79260757072
79147832048
79046832060
79145274698
79779016929
79063356874
79118025566
79672467734
79647732151
79776109244
79144703645
79409364641
79937288194
79853116178
79175252088
79254602635
79296601674
79600415016
79621158599
79995354959
79833222958
79260780970
79219639127
79060347823
79165207174
79263988404
79165634441
79969704888
79222568359
79261455686
79168057111
79111225161
79217705365
79043590238
79998643604
79261413443
79135705366
79055410691
79283202609
79670503509
79031193245
79044975555
79015185270
79250391355
79286805948
79534182322
79264350848
79618148662
79856607035
79957937292
79771210000
79774187038
79161531926
79031254469
79536227227
79512746016
79672684878
79031464971
79217594849
79163209955
79030150998
79779488020
79130612611
79162940815
79916735647
79036446666
79507800049
79177356614
79057224228
79585672107
79673611333
79990005811
79182960000
79638244494
79175143764
79280101014
79251801202
79999693764
79180852042
79998921895
79309441194
79035678492
79263174744
79197670929
79777137662
79967883691
79140268002
79651490938
79771697618
79771972198
79818246200
79109586437
79778522509
79624146591
79167348187
79835900161
79121457353
79165291388
79161740425
79237710852
78985358699
79783178044
79190019520
79101733076
79261537890
79057803939
79912300249
79015035743
79812200936
78124016606
79508974001
79105926092
79643436404
72220867777
79222086777
79310039022
79184208317
79374156138
79605980288
79139710607
79028011629
79585597422
79652781742
79940014465
79173714157
79157413904
79362839208
79689824564
79680627313
79264139898
79511091657
79775214180
79026028889
79935589075
79851650812
79651194434
79997216160
74736474788
79515123631
79243937705
79919992029
79098497672
79261709341
79151014623
79200507103
79129219463
79878354112
79213686339
79104205984
79163404725
79151442031
79190869994
79099922117
79230455200
79268331805
79627290009
79266765491
79651194384
79857937364
79061651707
79113800221
79955939407
78123238931
79051021034
79635737652
79266651766
79937000927
79826233457
79097821758
79154501719
79299002713
79113512196
79113512360
79789123187
79831487910
79031487910
79383103701
79160134215
79255533717
79054821049
79633339377
79168754422
79999710653
79247816109
79588677427
79056836787
79998631135
79265999620
79397512323
79099227799
79831568388
79139791450
79145744414
79224736367
79912000505
79150404418
79507617537
79580920082
79031611501
79037705994
79161100308
79958072871
79128066188
79802504626
79052333001
79969678940
79265742150
79269899416
79001422369
79089260301
79996054062
79857247781
79256233234
79047560085
79779910136
79773771987
79019018077
79779217363
79999749622
73214569828
79999679095
79159840500
79152390100
74951301253
79663875848
79215660994
79533017079
79297276419
79153813076
79778897696
79261515917
79145204373
79251025522
79391138705
79231706341
79624492490
74951301254
79013859965
79362701916
79150278067
79250357733
79690416381
79277567313
79962182030
79131702999
79146196999
79088637991
79859662614
79031936638
79050210177
78432101515
79611924034
79650691155
79775215760
79098189090
79661655957
79958879843
74957877435
79104923014
79166235439
79061004798
79509094282
79585841568
79263501312
79258085801
79287507376
79253012922
79618702275
79776489267
79663278632
79255621320
79857703222
79284500276
79175393755
79639775818
79647780004
79067147435
79096281182
79629109908
79254955059
79177349792
79031577297
79083816387
79282594569
79295550534
79999720914
79062668224
79852022824
79252406484
79142350367
79179126746
79602147680
79066061157
79145680417
79247893175
79247897135
79214006006
79629198655
79135458231
79603049038
79817759917
79184031713
79168548010
79652602012
79172571076
79113254710
79099102686
79296070924
79265587876
79150178323
79859933383
79126634110
79670287795
74992599788
79153451963
79092959740
79777653630
79778868925
79775727379
79627365464
79512486548
79254633614
79256342514
79256334542
79652645247
79522795018
79201328040
79037775153
79032618383
79162379925
79269623622
79202044234
79060409512
79217992518
79117065131
79854162660
79992273775
78126333641
79299044015
79203090546
79228094593
79251105638
79067895656
79169123122
79606600550
79658370960
79203800777
74942493535
79105174816
78963654560
79636545604
79035981588
79774917295
79688971891
79194244431
79250059434
79851152203
79605899155
79525533028
79153140317
79999081074
79910528495
79186143006
79320177544
79608624345
79895324039
79206098849
79778791607
79671798951
79494160692
79324737131
79235375555
79184748866
79776588493
79873135747
79201651822
79060246777
79605755085
79775373828
79265385754
79097896510
79197795973
79997706536
79277312354
79253764183
79680811744
79099152531
79913041268
79588030207
79119248408
79523687200
79160750845
79772810881
79169927673
79644600550
79118393411
79190886562
79141056344
79267065050
79688791414
79776580405
79265469139
79773438580
79518619178
79057718339
79672960666
79778463900
79309557748
79991053469
79042906708
79877750792
79169906101
79901555388
79161268670
79047898462
79996216706
79160428660
79068559982
79248041279
79064992557
79777877002
79850646355
79055788559
79244757473
79027611186
79299919828
79647645014
79162060666
79256031500
79167719072
79991062510
79185215356
79105828313
79196311308
79502949620
79651194270
79034033336
79121264364
79190463963
79162253530
79827846369
79187647678
79999874969
79167360787
79653135600
79686834483
79205533006
79774128765
79091627562
79585020086
79263910284
79647284507
79526072571
79080371000
79684247352
79296776858
79516855518
79898718781
79145644704
79683201092
79101994005
79194373531
79888425106
77052623507
77710339481
79774519940
79776110128
79331091541
79651366577
79132272788
79671414736
79817652297
79304251119
79121128135
79269631650
79204372966
79772803080
79859272608
79104759580
79166184447
79651113110
79108036228
79951571320
79251856602
79060221329
79189364724
79611464587
79661444851
79602543323
79534598214
79257584756
79994677757
79771308386
79147922311
79052948159
79060266266
79031110431
79055771616
79895660001
79654090892
79202457171
79251315154
79183391285
79263477127
79139324773
79087560244
79244229717
79996233814
79108601230
79160711814
79103018252
79253599045
79198151515
79161419486
79857612140
79162814990
79514792041
79663042767
79998784905
79113791280
79512985682
79512186065
79518717529
79263830776
79043499186
79990200511
79303040191
79522195549
79633050339
79670155905
79028784704
79998239474
79052840052
79265635431
79261088435
79085090089
79163075707
79999854908
79877733989
79147606444
79999604519
79998477924
79262883111
99361557799
79773926148
79296205621
79104622212
79140602196
79082869587
79026507286
74956498031
79267533004
79270599369
79264721942
79519509205
79525551364
79525459933
79220451551
79036698220
79267874949
79213056171
79537076950
79298465562
79218616467
79854279467
79107384238
79263459246
79166911176
79101754981
79963171017
79195626608
79996707691
79774254140
79647969292
79645873301
79645683467
79653126871
79060613975
79248920992
79497506064
79859369298
79150852539
79159082662
79687609495
79999239122
79142523241
79044568000
79520665553
79606386638
79911166932
79683533598
79771723070
79629006844
79310027604
79031252612
77977346457
79057147177
79927777889
79262472672
79653981882
79857875745
79613937973
79246131363
79802143337
79853043109
79064419931
79816844016
79142524381
79143095193
79841019437
79253999697
79892114541
79857431316
79253828883
79823169470
79017159560
79154440056
79041540818
79253577502
79678500661
79529458413
79774945622
79114233842
79660300313
79513023536
79513101869
79207328264
79031235038
79032955922
79060713947
79208406085
79099264167
78950728882
79533291352
79997957171
79778771892
79152448461
79298389019
79256405206
79167270608
79163677755
79037120350
79126664293
79185012339
79775621849
79160449182
79251295391
79261346061
79150832734
79637117239
79298864636
79876620780
79253394123
79279896844
79514889352
79646390744
79684996313
79036746226
79036743563
79166529468
79826681845
79663198939
79207271053
79858629350
79619292604
79996027929
74955333208
79262732132
74955334930
79021789369
79210896238
79099311009
79145789336
79058433377
79276444868
79600770845
79013861392
79106692317
79516424855
79995143326
79105771184
79014245035
79939119072
79302140429
79129195066
79130756176
79627708989
79261567358
79001279382
79653588582
79162924797
79506946680
79996840835
79648060680
79218631018
79254814962
79132047894
79005764163
79537099071
79097577713
79000413688
79086441266
79261000420
79527442221
79999898179
79169652216
79604344343
79251000171
79689907070
79539763599
79119510910
79102014586
79192090000
79103435586
79252046553
79605225007
79164877887
79114651043
79244381964
79035434599
79968963138
79518221590
79296665996
79508126904
79157600152
79529485716
79953855144
79150674886
79998557937
79966291949
79191261695
79264607169
79006477015
79851669569
79605390020
79164736910
79780207921
79969634869
79689243738
79672351865
79058995919
79238294312
79173893055
79878350816
79093088035
79629109665
79857518324
79511526427
79049166110
79600374954
79777178326
79178574216
79611486846
79493193512
79260298046
79998595909
79265276847
79266503562
79161514426
79537567123
79262371715
79859721422
79205159742
79512299118
79695348668
79778090667
79646324011
79190855161
79118938642
79029240228
79997007385
79235325155
79255676266
79623702206
79171544999
79891473347
79778934348
79067833509
79151741280
79774562731
79166055233
79118344714
79053775730
79628540248
79258840868
79634546556
79857551817
79686893938
78686868686
79992475010
74992716768
79102321488
79625257518
79309883136
79031205212
79284133633
79270212838
79807261832
79586636542
79130315062
79222971439
79684643904
79823154934
79530145446
79689640425
79185538358
79302220200
79004000777
79190865919
79121712667
79653538414
79203780530
79029652605
79607470512
79112569655
79360001338
79870871092
79192070551
79854805050
79175544848
79160978188
79672410889
79163323299
79161591414
79999719721
79056666196
79600691330
74922778181
78977975015
79640821777
79205888948
79031052893
79003729414
79857614302
79018225901
73537203030
79093794363
79261864540
79164619266
79308971237
79281472011
79775839923
79921800701
79300629957
79651548909
79101562108
79637730990
79104270087
79117716410
79629792628
79030187225
79286277891
79883539800
79629153911
79801880649
79168677538
79266560040
79531960892
79050109412
79627269669
79060770054
79263616334
79055309105
79014099720
79166090959
79191016666
79779459289
79015873174
79099331654
79060434381
79118781043
79262353587
79997815916
79805017783
79611350999
79017019298
79637872243
79150914177
79036793613
79257258328
79671011406
79964765719
79263764064
79038315555
79998433017
79160851415
79255658333
79152111381
79067310360
79851684732
79586649500
79199700603
79198722151
79856124274
79161023062
79683384488
79115179018
79997197678
79251112507
79818747490
79684184926
79661234472
79163099722
79015550707
79022703970
79251273817
79250776056
74842505063
79533367151
79162697803
79991321413
79166911637
79242885705
79258866056
79009549151
79863246785
79992236457
79539171081
79647981673
79068977011
79995244009
79029364476
79995399767
79853086947
79852970799
79771295406
79264667915
79671282998
79281977154
79250544086
79050049889
79995157474
79117239402
79296522161
79138524770
79264629373
79675606709
79066885265
79059952523
79006945255
79187274642
79187574642
79778977906
79690871387
79185283088
79163714010
79672785065
79534792219
79266790646
79936279334
79500879877
79191092053
79997882014
79269900300
76556678888
79169733955
79269797255
79263644598
79996082214
79167868435
79638761638
79776093175
79036234670
79288511322
79262782508
79826637535
79108242098
79663278763
79033603614
79269297789
79035205588
79203684753
79857618307
79502195545
79836380307
79778783693
79049093299
79959207528
79119588532
79266030991
79851057960
79041249817
79618844501
79633783288
79913343464
79520782800
79251646347
79616911507
79688898377
79998913741
79026955010
79771805951
79204682417
79502485041
79252001092
79250522902
79219258094
79875912780
79031678880
79156344086
79134990173
79055351488
79996773928
79105897658
79269714441
79086576514
79321215145
79009955025
79325546528
79257031811
79531217090
79031211023
97733589875
79605900790
79151463121
79859875438
79528987303
79036944467
79672820009
79203686301
79166958441
79101847332
79206117430
79278072289
79099088807
79160992848
79361023350
79266414149
79263542323
79822611030
74953599877
79771456177
79150677200
79533399993
79037501890
79166890689
79150301552
79146669001
79606005059
79281232226
79637827884
79035640530
79333995986
79167972979
79851577750
79119424341
79134880581
79140288808
79258675222
79192135804
70160107615
79086051891
79533313528
79777199215
79159143841
79602837730
79154687555
79162742928
79683839094
79771165870
79857999493
79954144524
79165423399
79779465132
79620864193
79216516346
79151000717
79175562836
79268507081
79118927375
79829187896
79202085525
79096878139
79049903244
79652188558
79032566090
79268007353
79154111430
79621797378
79616433069
79270704559
79200950018
79017674881
79169667740
79213077440
79208605090
79169187711
79787212857
79167897254
79625015656
79588264211
79109052405
79852799393
79264807471
79150419104
79208819903
79680317757
79261895998
79100884219
79015550969
79655230253
79509997282
79162199799
79771219791
74992702974
79160652902
79258580615
79067333886
79162744179
79015253893
79101565641
79166085550
74992800499
79255550969
79772672800
79131601356
79518381730
79888353471
79175044101
79509004710
79880398998
79779014332
79779262256
79300384491
79525830620
79968506533
79039641366
79160113835
79647842022
79670105537
79029401775
79213030110
79219275239
79261488836
79125368454
79263841599
79035982048
79852013760
79017337402
79869048724
79869260678
79055276224
79619699815
79263734888
79209352830
79165784463
79209274427
79936043617
79998225203
79057289829
79169300092
79889453526
79809027649
79162109183
79251785848
79999854609
79856417043
79252823170
79885090021
79163744043
79143258040
79674650885
79777948353
79021209788
79295095751
79091670139
79278549989
79168455740
79168731777
79046508878
79853427718
79157806949
79296075857
79685834334
79852708677